import numpy as np

# 1. 读取.npz文件（返回NpzFile对象，类似字典）
npz_data = np.load("/mnt/dln/projects/perception_fusion/data/vipe/metal_earphone/pose/metal_earphone.npz")

print("npz文件中的数组键：", npz_data.files)  #  ['data', 'inds']

data = npz_data["data"]  # 
inds = npz_data.get("inds")  # 

print("\ndata形状：", data.shape,data[0])  
print("\ninds形状：", inds.shape,inds[0])  



print("\ndata形状：", data.shape,data[300])  
print("\ninds形状：", inds.shape,inds[300])  
'''

[[[ 1.00000000e+00  4.20195065e-05 -5.73518482e-05  2.64605536e-04]
  [-4.20212746e-05  1.00000000e+00 -3.08084709e-05  1.50592765e-04]
  [ 5.73505531e-05  3.08108793e-05  1.00000000e+00  3.21434112e-04]
  [ 0.00000000e+00  0.00000000e+00  0.00000000e+00  1.00000000e+00]]

 [[ 9.99620616e-01 -1.09452875e-02  2.52753571e-02  1.46670092e-03]
  [ 1.11953588e-02  9.99889553e-01 -9.77367815e-03 -1.27017393e-03]
  [-2.51655914e-02  1.00529371e-02  9.99632776e-01  4.81699174e-03]
  [ 0.00000000e+00  0.00000000e+00  0.00000000e+00  1.00000000e+00]]

 [[ 9.98404264e-01 -2.15421841e-02  5.22003211e-02  2.20323028e-03]
  [ 2.25545838e-02  9.99567270e-01 -1.88836213e-02 -1.05893286e-03]
  [-5.17709367e-02  2.00308431e-02  9.98458087e-01  8.36649537e-03]
  [ 0.00000000e+00  0.00000000e+00  0.00000000e+00  1.00000000e+00]]
'''

"""
[[ 9.16400552e-01 -3.12589407e-02  3.99040043e-01  1.66251417e-03]
 [ 7.18979985e-02  9.93585706e-01 -8.72818008e-02 -2.33045053e-02]
 [-3.93752158e-01  1.08675264e-01  9.12769914e-01  4.66303958e-04]
 [ 0.00000000e+00  0.00000000e+00  0.00000000e+00  1.00000000e+00]]
"""